94
941
686
347
540
92
64
815
305
494
258
955
855
345
429
406
132
162
1000
558
10
932
292
258
125
39
220
760
956
231
743
100
752
559
951
519
639
379
60
82
654
711
283
826
497
226
983
535
898
324
501
813
805
905
585
594
666
751
268
326
368
437
739
403
689
401
917
672
326
603
40
157
23
706
665
494
398
880
770
844
74
523
323
241
259
911
279
226
280
488
833
775
793
216
251
93
672
307
881
767
406
594
312
623
856
335
707
51
539
168
813
927
308
732
127
619
274
139
926
597
683
829
712
742
206
44
571
708
530
20
106
933
788
173
927
106
888
593
555
485
363
674
816
13
265
75
113
570
541
670
889
139
506
184
769
74
686
604
655
409
391
128
575
936
894
876
159
843
187
705
3
905
872
394
243
438
15
265
58
106
360
991
409
897
892
864
620
817
378
929
773
813
577
619
839
591
517
171
426
933
87
307
113
378
161
795
97
455
480
500
709
123
685
439
861
105
408
473
638
557
903
872
702
902
324
476
571
410
841
846
165
735
616
848
272
943
546
950
986
997
964
774
100
945
324
817
826
694
209
875
842
372
104
496
213
119
168
242
458
731
832
313
67
252
303
351
419
160
77
839
527
591
756
737
17
98
114
866
280
802
679
236
75
451
537
437
464
133
359
144
721
919
541
133
535
63
578
47
748
844
753
315
486
506
922
779
639
455
984
142
7
231
4
564
162
331
871
887
344
341
753
781
45
327
558
354
742
737
446
646
225
72
318
174
660
71
387
690
608
378
955
574
44
329
853
778
570
169
39
183
200
254
113
559
147
404
54
787
298
980
556
711
724
614
23
540
958
137
63
947
281
295
798
830
94
47
291
984
546
896
364
173
876
798
202
509
262
412
729
708
857
217
648
357
202
787
688
350
412
954
675
725
135
263
612
666
877
843
905
417
351
576
288
872
927
919
80
224
190
609
256
487
140
264
401
125
692
286
2
982
720
373
426
295
705
179
118
363
419
535
72
316
286
665
142
352
334
817
14
332
205
69
347
346
824
2
239
83
635
520
817
817
342
520
715
242
545
505
293
985
614
778
693
851
331
312
691
443
112
638
297
935
763
687
823
649
238
944
430
96
467
265
318
125
489
517
657
163
462
412
699
775
102
700
993
352
868
681
262
949
139
706
961
571
638
4
192
439
960
977
726
986
849
874
252
725
859
637
858
630
420
223
798
226
393
513
519
61
819
278
185
908
752
622
377
331
762
380
284
37
724
251
428
952
592
482
245
226
8
560
914
827
238
62
440
960
475
265
699
933
295
537
86
764
788
495
592
335
501
538
933
169
898
515
346
576
646
126
236
541
115
850
810
346
782
410
489
634
386
500
372
442
407
47
250
836
922
232
229
758
497
570
580
510
878
38
993
643
98
884
501
52
446
221
609
30
506
60
516
141
161
980
163
969
846
187
537
100
332
927
544
98
626
759
543
108
693
458
477
774
434
399
898
973
957
373
581
713
951
614
831
467
942
34
860
166
614
647
300
139
722
615
532
360
688
251
569
346
275
1
42
141
351
794
535
911
723
6
607
317
36
201
580
543
667
881
724
909
998
100
214
699
657
420
552
723
193
887
64
624
476
381
743
753
402
213
458
778
711
31
374
158
473
615
768
371
452
936
130
731
386
673
433
83
672
460
194
328
509
654
106
427
876
627
760
557
97
106
155
450
524
973
295
675
359
600
877
2
807
396
510
720
645
598
189
333
162
234
337
112
202
456
467
789
517
190
995
638
939
572
641
557
81
687
913
711
478
461
171
404
833
686
787
656
588
655
985
431
411
156
331
720
291
273
517
242
224
430
527
405
101
889
436
622
508
542
934
537
881
851
651
111
265
832
472
757
509
439
638
937
583
8
314
636
666
120
20
882
663
296
222
54
849
257
817
214
678
884
465
948
716
671
827
843
184
458
834
685
592
542
379
474
574
38
959
617
86
287
687
981
111
741
110
841
465
70
580
256
315
155
765
845
495
405
999
723
826
350
304
531
60
658
533
757
899
731
748
462
231
864
867
456
197
679
90
515
154
976
651
946
599
673
735
240
817
655
487
656
408
342
407
208
749
771
366
477
818
186
118
144
976
189
753
174
902
573
307
496
426
77
260
469
524
735
339
883
201
188
324
210
6
723
938
868
335
277
904
330
632
636
178
886
44
621
265
775
830
298
775
838
644
631
195
399
668
653
552
881
138
397
341
780
872
591
201
560
197
437
136
936
363
394
436
809
486
338
835
309
162
149
